.i 8
.o 5
.ilb bit[54]  bit[53]  bit[52]  bit[51]  bit[50]  bit[49]  bit[48]  bit[47]  
.ob  out[4] out_t[3] out_t[2] out_t[1] out_t[0]

----1000 00110
----0000 00011
----0100 00001
---11010 10011
---01010 10000
---01100 00100
---11100 00101
---10010 11011
---00010 01010
---01110 10110
---11110 00111
---10110 01001
---00110 01100
---00001 00001
---10001 00000
--001001 00110
--011001 00000
--101001 11011
--001101 10111
--111001 10000
--101101 01111
--000101 10101
--010101 00100
--100101 01101
--110101 01100
-1011101 11010
-0011101 11100
-0111101 10100
-1111101 10010
-1001011 00111
-0001011 00101
-1011011 01110
-0011011 01111
-1101011 00010
-0101011 00000
-1000011 10111
-0000011 11001
-0111011 01011
-0010011 10011
-0100011 10000
-0110011 00001
-1111011 01100
-1010011 00110
-1100011 01010
-1110011 00100
10000111 01010
10010111 01110
10100111 00010
10110111 00110
11000111 11011
11010111 11010
11100111 10000
11110111 10100
00000111 11100
00010111 01100
00100111 10011
00110111 00111
01000111 11000
01010111 01000
01100111 10001
01110111 11001
----1111 -----
.e
