.i 6
.o 5
.ilb bit[36]  bit[35]  bit[34]  bit[33]  bit[32]  bit[31]  
.ob  out[4] out_t[3] out_t[2] out_t[1] out_t[0]

-00010 00111
-01010 01001
-00000 00110
-01000 10001
-01110 01101
-00110 01011
-10010 00100
-11010 01010
-10000 10100
-11000 10010
-00100 10011
-01100 00101
-11110 01110
-10110 01000
-10100 10000
-11100 10110
-00001 00011
-10001 00000
101001 10001
101101 01010
001001 10100
100101 01000
111001 10011
111101 00110
001101 01100
000101 01001
110101 00100
011001 10111
011101 01110
010101 01101
----11 -----
.e