.i 6
.o 5
.ilb bit[38]  bit[37]  bit[36]  bit[35]  bit[34]  bit[33]  
.ob  out[4] out_t[3] out_t[2] out_t[1] out_t[0]

--1000 00001
--0000 00010
-01010 00011
-11010 00010
-00010 00101
-10010 00100
-11110 01110
-11100 00110
-01110 00111
-01100 10110
-10110 01100
-10100 10100
-00110 01101
-00100 10011
-00001 00000
011001 10111
001001 00101
111001 10001
101001 10011
111101 01101
101101 01011
011101 01111
001101 00011
010001 10110
110001 10010
110101 01100
010101 01110
100101 01000
000101 01010
----11 -----
.e
