.i 6
.o 5
.ilb bit[42]  bit[41]  bit[40]  bit[39]  bit[38]  bit[37]  
.ob  out[4] out_t[3] out_t[2] out_t[1] out_t[0]

--1000 00000
--0000 00100
-01010 01000
-01110 01010
-01100 10010
-00010 01001
-00110 01011
-11010 01100
-00100 10001
-11110 01100
-11100 10000
-10010 10101
-10110 00101
-10100 11000
-00001 00011
-10001 00000
001001 11000
001101 11001
101001 10010
101101 10000
000101 01001
100101 01000
011001 10100
011101 00101
111001 10110
111101 01101
010101 00111
110101 01110
----11 -----
.e
