.i 6
.o 5
.ilb bit[46]  bit[45]  bit[44]  bit[43]  bit[42]  bit[41] 
.ob  out[4] out_t[3] out_t[2] out_t[1] out_t[0]

--1000 00001
--0000 00011
--0100 00000
-11010 10101
-01010 01101
-11100 00100
-01100 10000
-00010 01001
-01110 01100
-10010 10001
-00110 01011
-11110 10111
-10110 11001
-00001 00110
-10001 00010
101001 11001
101101 00101
111001 10111
111101 00011
001001 11000
100101 00100
001101 10101
011001 11010
011101 00111
000101 10100
110101 01001
010101 01110
----11 -----
.e
