.i 6
.o 5
.ilb bit[48]  bit[47]  bit[46]  bit[45]  bit[44]  bit[43]  
.ob  out[4] out_t[3] out_t[2] out_t[1] out_t[0]

--1000 00000
--0000 00010
-11010 01010
-01010 00111
-10010 01000
-11110 11010
-00010 01001
-10110 01011
-01110 00110
-10100 10011
-00110 01100
-11100 10010
-00100 10100
-01100 10110
-10001 00001
-00001 00101
011001 10110
111001 10101
001001 11010
101001 11001
010101 00101
110101 10001
111101 10011
011101 00110
100101 00001
000101 01101
101101 01011
001101 01010
----11 -----
.e