.i 6
.o 5
.ilb bit[50]  bit[49]  bit[48]  bit[47]  bit[46]  bit[45]  
.ob  out[4] out_t[3] out_t[2] out_t[1] out_t[0]

--0000 10000
-01110 00111
-00110 00101
-01010 00110
-00010 01101
-01100 10011
-00100 11001
-11110 11011
-10110 01011
-01000 00010
-11010 01010
-10010 01001
-11100 10010
-10100 11000
-11000 11010
-00001 00001
-10001 00000
101101 01101
100101 10110
101001 10101
111101 11001
110101 10100
001101 01111
000101 01010
001001 00111
111001 11001
011101 11010
010101 10010
011001 11000
----11 -----
.e
