.i 6
.o 5
.ilb bit[53]  bit[52]  bit[51]  bit[50]  bit[49]  bit[48]  
.ob  out[4] out_t[3] out_t[2] out_t[1] out_t[0]

--0000 00001
--1000 00000
-00100 00110
-01100 00000
-10100 11011
-00110 10111
-11100 10000
-10110 01111
-00010 10101
-01010 00100
-10010 01101
-11010 01100
101110 11010
001110 11100
011110 10100
111110 10010
100101 00111
000101 00101
101101 01110
001101 01111
110101 00010
010101 00000
100001 10111
000001 11001
011101 01011
001001 10011
010001 10000
011001 00001
111101 01100
101001 00110
110001 01010
111001 00100
----11 -----
.e
