.i 6
.o 5
.ilb bit[55]  bit[54]  bit[53]  bit[52]  bit[51]  bit[50]  
.ob  out[4] out_t[3] out_t[2] out_t[1] out_t[0]

-10000 01010
-10010 01110
-10100 00010
-10110 00110
-11000 11011
-11010 11010
-11100 10000
-11110 10100
-00000 11100
-00010 01100
-00100 10011
-00110 00111
-01000 11000
-01010 01000
-01100 10001
-01110 11001
-00001 00000
010001 11100
011001 10100
010101 01110
110001 11011
111001 10011
110101 01011
011101 00110
001001 10000
111101 00011
000101 01100
101001 10001
100101 01010
101101 01001
001101 01111
----11 -----
.e
