.i 6
.o 5
.ilb bit[60]  bit[59]  bit[58]  bit[57]  bit[56]  bit[55]  
.ob  out[4] out_t[3] out_t[2] out_t[1] out_t[0]

--0000 00010
-01010 01100
-01110 11101
-00010 01110
-01000 00001
-00110 01111
-11010 00100
-01100 11001
-10010 00110
-00100 00011
-11000 10000
-10110 10111
-11100 11000
-10100 10001
111110 10000
011110 10010
101001 11110
001001 10111
101101 00110
001101 00111
000001 11011
100001 11010
000101 00011
100101 01011
011001 11100
011101 10111
111001 10001
010001 11000
010101 01000
111101 00001
110001 11001
110101 01001
----11 -----
.e
