.i 6
.o 5
.ilb bit[62]  bit[61]  bit[60]  bit[59]  bit[58]  bit[57]  
.ob  out[4] out_t[3] out_t[2] out_t[1] out_t[0]

--0000 00000
-01010 11101
-00010 01110
-01000 11001
-11010 01011
-10010 01111
-01110 00101
-11000 01001
-00110 00110
-10110 00011
-00100 10110
-01100 10001
-10100 00010
-11100 11000
111110 11100
011110 11110
101001 00101
100001 01101
001001 10100
111001 11011
000001 11101
011001 10001
010001 11000
110001 11001
000101 01110
010101 01100
011101 00100
100101 01111
001101 00110
110101 01010
111101 11010
101101 00111
----11 -----
.e
