.i 6
.o 5
.ilb bit[60]  bit[59]  bit[58]  bit[57]  bit[56]  bit[55]  
.ob  out_t[4] out_t[3] out_t[2] out_t[1] out_t[0]
--1010 00111
--1100 01010
--0010 00100
--0100 01001
--1000 00010
--0000 00001
-01110 00111
-11110 00011
-00110 00100
-10110 10010
-10101 01100
-01101 01011
-00101 01110
-10001 00000
-11001 01000
-00001 01010
-01001 01001
111101 00101
011101 10000
110011 01001
111011 01010
100011 00111
101011 01110
010011 00000
011011 01000
000011 00110
001011 01101
---111 -----
.e